1436447438072545280,
1438301912713994243,
1436367984637923328,
1436369965574246437,
1436367859173806106,
1436369659830448130,
1436367711119069212,
1436372147262394370,
1436374568059523078,
1436394444065058819,
1436368738391973888,
1436370679666864136,
1436373442299895809,
1436448411910279173,
1436380813474648064,


1436091066957148163,
1435785354968195075,
1438133673807724549,
1435740234520608770,
1435740089854926849,
1435741984048746496,
1435746147310706689,
1435740397221957634,
1435754550477168641,
1435740505044836353,
1435741691596656648,
1435742326639538176,
1435740270382002184,
1435856678956658694,
1435741059217178629,



1430273390326292480,
1430272553491308549,
1430272409555308552,
1430272380195250177,
1433750003084845076,
1430272199672352775,
1430272345021820934,
1430273257421381637,
1430272553738809344,
1432146447470927873,
1430272519555145730,
1430273419636006913,


1429612445874540544,
1429612176462041091,
1429612313129230339,
1429612556407250946,
1429611420035989513,
1429625478307057664,
1429619878873415684,
1429613233908764675,
1429631713538453512,
1429630107392659458,
1429611740401127427,
1429719905058713606,
1429611682863751176,


1416116696469889026,
1416131524546682880,
1416104568535011328,
1416104424271929354,
1416104110097637376,
1416104301747916814,
1416104034361126912,
1416103957634691077,
1416384546577297408,
1416362379827314698,
1416201373654343683,
1416144241588379653,
1416113547164229633,
1416106991412449285,
1416104459604746241,
1416107389208649733,


1410696469636698112,
1410696308181065728,
1410695803614728192,
1410695788838080514,
1410695542523543554,
1410695760010641408,
1410695756294541315,
1410695728608038914,
1410695600329441282,
1410695446411022343,
1410695064473456648,
1410695062636449799,
1410699772743221255,
1411817375662551044,
1410695374881370115,
1410694981539430400,


1408856024698654722,
1408855633294729216,
1408853997662912519,
1408848017847947270,
1408845686267957254,
1408835722602192900,
1408835610681483273,
1408834235654361094,
1408833935090622466,
1408833606265360389,
1408834399723036672,
1408862034008154116,
1408834202351644672,
1408833787602128908,
1408833489185787908,


1403778451698597894,
1403778425446338562,
1403778219128598533,
1403778150652420096,
1403777849480335362,
1403777822771064836,
1403777763786428419,
1403807003336658945,
1403777716478939140,
1403787108234543112,
1403777682882678785,
1403785555779928064,
1403778286119915521,
1403777558513176576,


1403037892692176899,
1403037796936433669,
1403037788111470593,
1403037709820739588,
1403037555818385412,
1403106737318633473,
1406418867463786499,
1403037725930967042,
1403201021430611970,
1403037514307457030,
1403037483068166146,
1403037475308724232,
1403037464105734149,
1403083637487280129,
1403038009067544581,
1403037476537634816,
1403172260656029696,


1395126313845886979,
1395126234867195909,
1395126229007802376,
1395126165011001346,
1395126155099922434,
1395126006546055169,
1395125853160415238,
1395125818217598978,
1395127789611851781,
1395125676278226956,
1395137053185036288,
1395130703361290241,
1395126285236523008,
1395125649266954242,
1395125700189900801,
1395125662017626117,


1394798032663810052,
1394794718584844293,
1394794112772186112,
1394793438835576832,
1394793110878646274,
1394793173587832833,
1394793059179646978,
1394792636645576706,
1395235613453004801,
1394792877788516353,
1394792674792771588,
1394795779118796801,
1394793382304575491,
1394793017874128897,
1394792639455801346,


1394676672989962243,
1394676000890310657,
1394675666499497987,
1394675657376993283,
1394675426174201859,
1394675235241168897,
1394675081947738120,
1394674972921106448,
1394674852464844800,
1394674793354563588,
1394680589362548745,
1394674850657181705,
1394674643148095490,
1394676079248482304,


1394462554739679232,
1394460842784141318,
1394461706202632196,
1394461477885546496,
1394460995393892355,
1394460306714206212,
1394460218776502272,
1394460081253662720,
1394459858930487301,
1394459836620890118,
1394459626083471366,
1394459570349568000,
1394461016285667333,
1394460239580131330,
1394460140833624066,
1394459973908930563,



1392932795186651136,
1392933124602875909,
1392932984341385216,
1392933074636320782,
1392932962673598471,
1392932922252988425,
1392932896948686851,
1393080107191914496,
1392999413069619202,
1392932776014450691,
1392933001982619653,
1392935931070590983,
1392933458465468420,
1392933309563478023,
1392932771635499009,


1392590448817020934,
1392590427245539331,
1392590394668449792,
1392590393087119361,
1392590341069582343,
1392590259947413505,
1392590234987212801,
1392720829922914304,
1392591526857900032,
1392590126115663876,
1392590114589659140,
1392590110726803457,
1392591058215784450,
1392590251701514253,
1392590052883001348,


1384244199726346252,
1384244180092817412,
1384243992926121988,
1384246403052969993,
1384243980838178826,
1384243945761243138,
1384243926312181766,
1384243872914546689,
1384243866467897353,
1384245827565088777,
1384338846796632069,
1384244372552617988,
1384261813911494666,



1351731888939966466,
1351731626452033537,
1351799738979536896,
1351731520457773057,
1351731519132323842,
1351731513956708355,
1351731478607114249,
1351731449146257408,
1351731232774602752,
1351731278882746368,
1351960887817592840,
1351739553149759490,
1351739111191830528,
1351731816105914368,
1351889934546821120,


1351654669404286976,
1351655417328398337,
1351655261472256009,
1351654798475599873,
1351671661536423939,
1351683064892710914,
1351654149209862144,
1351653939779784706,
1351654141290901505,
1351653475973677057,
1351653436467634176,
1351653403869503496,
1351654103684841472,
1351653483800354817,
1351653310458191872,
1351653297317240832,


1349564480208961538,
1349564422000295938,
1349564278433574913,
1349564254383312898,
1349564058001956870,
1349564049420333060,
1349563993682305032,
1349564293243494406,
1349564097680076801,
1349765462633177090,
1349565965541933057,
1349564962130317321,
1349564111781294080,
1350257332098392066,



1348763550249066498,
1348763548600717312,
1348763477146542082,
1348763460436439045,
1348763420947046402,
1348763211391246337,
1348763154143203328,
1348770435698221066,
1348764231043321856,
1348763235885965312,
1349064453682298883,
1348763118764113930,
1348792407249223685,
1348763164037492742,
1348763158157078530
