1436923827196338178,
1436588412778078210,
1436585697637322754,
1436414044987031552,
1436410732313206785,
1437227471611387904,
1437087760364359691,
1436839057833799680,
1436799948528492546,
1436587105145131014,
1436437329384591370,
1436741224149422083,
1436542744957120515,
1436425110542422016,
1438260375976296454,
1436424436899401729,
1438233167182323712,
1440950593472765953,
1436395660543238149,
1436392736626708482,
1437471619430043648,
1436412199271075845,
1436448397699997700,
1438524862297935872,
1438113753510420480,
1436405489764425732,
1440112514524749826,
1440950085265735686,
1436379250693754892,
1436378457789845505,
1436377821358739457,
1436616489570902021,
1436377094582423572,
1436377834629615646,
1436451663435509760,
1436382703914520579,
1436383084220456971,
1436470696612409345,
1436385423438217221,
1436391028030836746,
1436377672016302080,
1436377442453651458,
1436334466813792258,
1436332904876023814,
1436328362629337096,
1436328638580940800,
1436330392269869057,
1436330311986593794,
1436329234688053259,
1436335731950034946,
1436330346681749514,
1436333635322335232,
1436334688084246536,
1436364685033590809,
1436075032887939079,
1436074912981078021,
1436074788091416631,
1436295937882791938,
1436225073111732250,
1436335003210686465,
1436224346196906027,
1436227111912575004,
1436076767673036811,
1436078175218458627,
1436134427298615298,
1436323271247417353,
1436147082126102529,
1436812302880280581,
1436269572961734659,
1436079627097755654,
1436193030126637056,
1436184871685263363,
1436183263593308161,
1436166679348789250,
1436127375167787011,
1436063224164601878,
1436062819737227277,
1436072553647419393,
1436215861048745985,
1436192444706693121,
1436151989109497863,
1436045761020669961,
1436045891161530369,
1436060273912139780,
1436460427970584576,
1436227937032970242,
1436147807124078595,
1436893119711256578,
1436045225789575169,
1436087555347341313,
1436059312594501637,
1436149746809311233,
1436102944319959052,
1436147155526373377,
1436027343273877509,
1436026958127771652,
1436109279384195083,
1436412475809935362,
1436363531843252225,
1436299573761282048,
1436177653149614081,
1436074639441244161,
1436033807786786816,
1436033775159300109,
1436028013175447562,
1436026916566405124,
1436033844696666123,
1436031657958588416,
1436029581006344193,
1436015252206915586,
1436089360634548225,
1436014521068441607,
1436047636449021956,
1436014235125882882,
1436208817411330048,
1436205274197602309,
1436041452094693379,
1436020691111792640,
1436019318186196995,
1436018368113479680,
1436016138392059910,
1436015424622186497,
1438680281867771904,
1438853275722436611,
1435997788601466883,
1438184150247297039,
1438705043474030601,
1438441590536773637,
1438705296696754181,
1436020700683423753,
1438127574601830408,
1435997054606712834,
1438624686997311506,
1436010305830617093,
1438587978545311747,
