1401194108186734592,
1401184116784074752,
1401184088497737735,
1401183457112436737,
1401181678329077763,
1401180974872989697,
1401180545204301824,
1401180253440167938,
1401180228009877504,
1401179825897971713,
1401179314004103178,
1401181113175977988,
1401183001774641153,
1401182800607432706,
1401277369692925957,
1398287128501575684,
1398285686319497221,
1398285162077638659,
1398284678298230786,
1398284932900864001,
1398284436874141699,
1398284293441531907,
1398284159823585283,
1398284129926590471,
1398284042051719174,
1398283996199411720,
1398283824275013637,
1398285748621692929,
1398285894621278209,
1398283728229572615,
1398043245884567554,
1398042457384751106,
1398042136231112706,
1398040631096848384,
1398039836032868357,
1398039335312801795,
1398039163035742212,
1398039076083798018,
1398039068718419968,
1398038890628489217,
1398038887964938242,
1398038766934134784,
1398038685757575168,
1398046256308576257,
1398038747040653312,
1397661062493790216,
1397660917148569605,
1397660706233749504,
1397660603884388354,
1397660467242360842,
1397660387579936772,
1397660072436662275,
1397660690727440390,
1397659631376285701,
1397658982060335104,
1397658599153881093,
1397661563968888838,
1397724994248101894,
1397658601695633412,
1397242044477845506,
1397241681209081861,
1397241482952724484,
1397241019951992837,
1397240896643641351,
1397240711498633221,
1397240699167379470,
1397240246685814790,
1397239575630729226,
1397239495725101057,
1397244193056116744,
1397241275024355329,
1397240308048580619,
1397239891134763010,
1396938320479879169,
1396936484230516746,
1396936177253380096,
1396935576004096001,
1396953342471917570,
1396948772840738826,
1396948186233671682,
1396935958864465925,
1396938395859898372,
1396936998863179782,
1396935910747480066,
1396935786910605320,
1396935630718791681,
1396882743766798343,
1396879257805205506,
1396878443762044935,
1396877969843363846,
1396881147871780866,
1396879842013024264,
1396878155512631297,
1396878137703555077,
1396878000319311877,
1396877917330673666,
1396877860653215744,
1396877777182281736,
1396877637755105281,
1396877618465677314,
1397158825824858115,
1395011263365791745,
1395010481891520515,
1395009912598638595,
1395009622658924546,
1395008258646200324,
1395007942076747780,
1395007121851305986,
1395014352198115335,
1395009846529859587,
1395034587764506630,
1395033476743798787,
1395065860662964235,
1395008816954159104,
1395007311035392002,
1392088835404750848,
1392088371703472133,
1392087922065694721,
1392087789831745539,
1392087144353583105,
1392085446369456128,
1392084429431054336,
1392083526879690756,
1392088631851065348,
1392082165333176324,
1392083819147235330,
1392082488852353026,
1392082089919528964,
1392081792862064641,
1392086336652333056,
