1421433943199420417,
1421433830594924545,
1421433820406968331,
1421433798923755520,
1421433764803092480,
1421433764593340423,
1421433636818014209,
1421433810625843201,
1421433807522074626,
1421433789830500352,
1421433750278184967,
1421433565963714569,
1421433534535720962,
1421433530144366598,
1421433534292496384,
1415570884740358144,
1415570832827371520,
1415570802917789697,
1415570778637037573,
1415570713704947719,
1415570589771657218,
1415570542262775815,
1415570509652131840,
1415570509165580290,
1415570483299241985,
1415570432489496576,
1415570397773242368,
1415570210183077889,
1415570140733710336,
1415570009338773511,
1402506438564450312,
1402506336965840896,
1402506277591212035,
1402506121592537088,
1402506111492653060,
1402506107713581057,
1402506107147284480,
1402505915954188293,
1402505776422260738,
1402505665424199681,
1402506068794634243,
1402505971243515907,
1402505726761701378,
1402505689885519877,
1402505628891844612,
1401789833035456517,
1401789700076052481,
1401789476653830151,
1401789458865745924,
1401789332868845568,
1401789324371238912,
1401789243806994432,
1401789215973675011,
1401789214434471941,
1401789083718807552,
1401789057257017347,
1401789019680165891,
1401788964348985347,
1401788911190302720,
1401788899651776513,
1401788854365917184,
1401788834350723072,
1399241083079467008,
1399241013345107968,
1399240982705557504,
1399240927114403841,
1399240916381040641,
1399240913575047169,
1399240822051131397,
1399240742803935232,
1399240709987651595,
1399240642790793217,
1399240533772365828,
1399240521701203970,
1399240499056177153,
1399240450200899587,
1399240360421781504,
1399220519803580420,
1399220470633861120,
1399220462320701441,
1399220450350096384,
1399220436831928325,
1399220372419932160,
1399220241603829761,
1399220218820325379,
1399220199966928898,
1399220185249189889,
1399220178458615811,
1399220163786928131,
1399220095814049793,
1399220059055091718,
1399220022216585216,
1398553353005633545,
1398553179973767169,
1398552846434324480,
1398552834681970694,
1398553136478920704,
1398552968438321156,
1398552856186130434,
1398552829107834881,
1398552827467735041,
1398552799424573441,
1398552750590337027,
1398552745594920963,
1398552716905914376,
1398552702313918465,
1398552677454282755,
1397536702466445314,
1397536557607755776,
1397536432785301504,
1397536394214473733,
1397536308344487936,
1397536251138383874,
1397536226840772612,
1397536197598072833,
1397535939715473417,
1397535914159599617,
1397535903271165952,
1397535804046467075,
1397535630297497601,
1397535580917944320,
1397535492233650176,
1397536036696203265,
1397535937911951361,
1397535924754567168,
1397535810438664195,
1397535730868506630,
1397535680717225989,
1397535652099543043,
1397535600664666117,
1397535495521857537,
1397535444087181319,
1397535392560160769,
1397535383814950913,
1397535380405063682,
1397535205351591938,
1397533190638563331,
1397533074741555212,
1397533068613742594,
1397533063739953159,
1397533061080752135,
1397532921485877253,
1397533022904193033,
1397532976636784643,
1397532961088495625,
1397532954574819333,
1397532952087597067,
1397532896731090946,
1397532890158682122,
1397532837566304258,
1397532793479909378,
1397500875988365321,
1397500859517333504,
1397500852860964867,
1397500839174959105,
1397500811672948740,
1397500796938244099,
1397500720287559683,
1397500659545493506,
1397500492234727430,
1397500711416471553,
1397500662296940546,
1397500580453523456,
1397500523415146496,
1397500522513399811,
1397500483082735616,
1397500467962290178,
1397473618301386758,
1397473589004177410,
1397473587708104704,
1397473529050763266,
1397473497576660994,
1397473470808662017,
1397473456254427139,
1397473370095034368,
1397473310380896264,
1397473235902554119,
1397473106378203140,
1397473102175477761,
1397473101806374913,
1397473066519646210,
1397473047431483395,
1396380148258066433,
1396380001788825601,
1396379923984519175,
1396379760607916032,
1396379743679696896,
1396379661026795523,
1396379412593975296,
1396379392171864066,
1396379346776985610,
1396379316934508545,
1396379311179923466,
1396379290665553921,
1396379259560628226,
1396379166996533248,
1396379128501202945,
1396039977876680707,
1396039912386818048,
1396039782363320332,
1396039769994321922,
1396039702197637120,
1396039626331017219,
1396039387423514625,
1396039788608716803,
1396039742865563654,
1396039737979269120,
1396039737211719682,
1396039664704712704,
1396039644291112971,
1396039605250445317,
1396039495477174273,
1396027119164030976,
1396027100331610119,
1396027082979778560,
1396027029368172544,
1396027022984454144,
1396027018869764101,
1396026990667304961,
1396026958773854209,
1396026951001731072,
1396026942365732867,
1396026935034073088,
1396026922769915904,
1396026887088996354,
1396026818415628289,
1396026797704159236,
1396026045371871238,
1396026710290669571,
1396026678757916672,
1396026643530067971,
1396026598701158405,
1396026595614228481,
1396026424809517063,
1396026394728087552,
1396026346283835392,
1396026149642244102,
1396026110060548096,
1396026106172559362,
1396026104897441792,
1396026102930296835,
1396026082092933121,
1396026051789160448,
1396008014675472387,
1396007921620684802,
1396008041783324674,
1396007957842718727,
1396007955443503116,
1396007945834483712,
1396007933389905922,
1396007882424913920,
1396007873419694081,
1396007860077662210,
1396007826154090496,
1396007824136687620,
1396007817186668549,
1396007780398428161,
1396007752573542404,
1394578941994692610,
1394581718275739651,
1394581562809753604,
1394581037892595712,
1394580818295627783,
1394578419698917376,
1394578400287727617,
1394577839119159296,
1394577551272468485,
1394579789206327297,
1394579185939537927,
1394578561273499650,
1394577983839428608,
1394577763835604999,
1394577420666118147,
1392031292355616771,
1392031097001631747,
1392031094397042699,
1392031052244275206,
1392030915711225857,
1392030907754680322,
1392030670411550721,
1392030664929681408,
1392030662576668672,
1392030539847069702,
1392030539075387392,
1392030486441070592,
1392030459622793217,
1392030390693482503,
1392030264444952577,
1392014519338106883,
1392014316291846148,
1392014916853276674,
1392014783164010500,
1392014678688141313,
1392014677140410371,
1392014620274040832,
1392014616805269505,
1392014586635685894,
1392014565186031616,
1392014514183237635,
1392014496009310213,
1392014453730811904,
1392014327897411585,
1392014314803023878,
