1431314111288143876,
1431313329180585992,
1431312744666439683,
1431506584643911683,
1431312662630055937,
1431613172373278723,
1431422676053028866,
1431422617068531717,
1431313204441849858,
1431312895896219653,
1431337782014668801,
1431313134417899522,
1431312949176528896,
1431312814497406980,
1406994518499463168,
1406994474874544129,
1406994105939283970,
1406994044807356416,
1406993975316078593,
1406993799264440322,
1406993565738172417,
1406993892797337606,
1406993806151593987,
1406993600362139656,
1406993295268409349,
1406993217455759363,
1406993137906733063,
1407003474277978118,
1406995081496698881,
1401887472435433475,
1401887292617228288,
1401886517857972238,
1401885065844445192,
1401884539933233156,
1401884379044003843,
1401882648281190400,
1401881706760597513,
1401880843484868608,
1401880754586480640,
1401880716355411969,
1401880465699528710,
1401880041437368321,
1401880029076676619,
1401879943252897797,
1350455058698178560,
1350454857468059651,
1350440368798527493,
1350434629233242115,
1350432709668081665,
1350420816031174656,
1350420300974886914,
1350410952269709313,
1350409611875135490,
1350409593952808962,
1350409528836120577,
1350409312552697862,
1350409283121283072,
1350409224111550469,
1350409892851404801,
1350328055160598528,
1350328015310508033,
1350327468163362818,
1350325711039447040,
1350325623961444352,
1350325615694499840,
1350324694050750471,
1350324510734499840,
1350324455478685696,
1350324437673979907,
1350357132856573952,
1350326314859851776,
1350324007921278977,
1350323914136813569,
1350323422727962624,
1350323421100445696,
1350453347623473152,
1350448629249576962,
1350378893740531712,
1350339129146392577,
1350328084315197443,
1350325318519820290,
1350325104752816130,
1350324009242554369,
1350323932717490178,
1350323528055222272,
1350323397205569543,
1350323214170398720,
1350323180309659648,
1350323134289756162,
1350326050945904642,
1350325353076559875,
1350325331102633984,
1350325070074417152,
1350324785104896001,
1350324329888661505,
1350324257893482498,
1350324133251276800,
1350324000258342914,
1350323311004188672,
1350323284479393792,
1350323231769575425,
1350323197590327297,
1350323087120560129,
1350323017608380421,
