1440187537838936064,
1440742714652258309,
1440265304307748866,
1440085598526603264,
1440293840582103040,
1440103479003926532,
1440348024320847879,
1440334783725244422,
1440131161758519300,
1440543329414877202,
1440278358441422856,
1440065203358474247,
1440058619140055050,
1440068728348024832,
1440076608027574277,
1440332028998602754,
1440087315188125701,
1440127871582867457,
1440290849095442441,
1440557773129846790,
1440062072805490692,
1440464514600693767,
1440048785485221889,
1440461995979853830,
1440178274609422338,
1440177993842716676,
1440902425834139648,
1440132569174003716,
1439656108025602048,
1439365592058896384,
1439299839834005504,
1439880292450201603,
1439003914783780869,
1439042381517627393,
1439423646632595459,
1438971548757598209,
1439625032972578817,
1439445682520092672,
1439266027641126917,
1439049695003881475,
1439213589202677760,
1438975244803395593,
1438970297508564992,
1438966120497754112,
1438969016702341123,
1439146407101812738,
1438968341306163202,
1438988549072818183,
1439658828316897280,
1439213189594505226,
1439905074952736772,
1439111669314199558,
1440036193828106247,
1439414516903817219,
1438965633098596355,
1439987357709742082,
1439137699970129921,
1439201064406892547,
1438944866751315968,
1438948422669774852,
1439060144227237892,
1438945582215692292,
1438944494477586435,
1438948606036398081,
1438944351330213890,
1438944371425136643,
1438959250219274241,
1439424073633730568,
1438948347633487875,
1438953874379968523,
1439104798696030208,
1439381045929910274,
1438979996849033218,
1441087070315835394,
1439291491038400519,
1439239059965026310,
1439025634060259330,
1439251361573474305,
1438936048562810887,
1439364663842643969,
1438929304423911427,
1438947113015074821,
1438939182219550722,
1438959967675969537,
1438928535880617987,
1438929837226332163,
1439004511595421701,
1438920842805747718,
1438960944802058250,
1438913930315935745,
1438916808627535873,
1438915707220242436,
1438915014379847681,
1438914514854895618,
1438919461034201091,
1438941256160358409,
1438924196135018505,
1438917626101698563,
1438926703250874375,
1438915176372314116,
1438920556041183232,
1438921389126258688,
1438700478188060672,
1438609488928509955,
1438686291026120709,
1438705171463348231,
1438634880112463879,
1438861243872264192,
1438856814339231745,
1438810255413161987,
1438892088280633349,
1438830228529373192,
1438649379133399045,
1438819134129717253,
1438610917973975045,
1438618574315261952,
1438656768012439555,
1438854220287934471,
1438957938199126024,
1438939982857658381,
1438848118410338304,
1438589646347411457,
1438588342308769804,
1438593648229339139,
1438593422735167489,
1438633072400928771,
1438587834152095746,
1438921611072188427,
1438591705897373702,
1438705477915873281,
1438686537995194368,
1438604873243705352,
1438537622083837953,
1438808653281304576,
1438548258436096008,
1438546787011280897,
1438584437449625609,
1438925932052504581,
1438581540846505991,
1438537231896096771,
1438627296341118983,
1439608964237479942,
1438667942753882121,
1438949724539736069,
1438641555842215941,
1438539004224446470,
1438545840860192776,
1438216981174497284,
1438218731340156932,
1438299675413647368,
1438275828710662145,
1438213810033238017,
1438321345880854528,
1438315761529884677,
1438256353252941828,
1438246363142230022,
1438213964282929157,
1438418508484911105,
1438217359643267079,
1438517677283106821,
1438205510126379009,
1438205380249726978,
1438506408744415255,
1438506318994624527,
1438217464756805637,
1438220482805915649,
1438205226104893446,
1438205961253048320,
1438212738975600641,
1438528657488814082,
1438335075049934849,
1438205408779329548,
1438220402140975104,
1438246720169725957,
1438476438198525954,
1438192512833921025,
1438270637445984257,
1438337474154033153,
1438484314962935808,
1438443978827894785,
1438478494598631426,
1438274436860416002,
1438186658533453831,
1438504744654282771,
1438664957978202112,
1438488239409614855,
1438296662942879746,
1438197941106364423,
1438432529854386180,
