1438222750120910856,
1438256784041553929,
1438173972965863441,
1438257223151521807,
1438183797749698566,
1438171670771011588,
1438356965256798208,
1438175813350801408,
1438177646081368065,
1438200521421205515,
1438182371027730432,
1438260391906267136,
1438257578497089536,
1438172816403275781,
1438173245648289794,
1438051120211968002,
1438089266987343874,
1439411713439199234,
1439063576594034691,
1438348876914769925,
1438262111994527748,
1437973809886371845,
1437915791559696391,
1438571571572985868,
1437949095470149647,
1437913980715081729,
1437863637528555525,
1437874124773371910,
1437916313595359232,
1438155640480813058,
1437903408447557633,
1437847730148290561,
1437845369627549703,
1438571345193816081,
1440384204341067785,
1437969083757211662,
1438325067792805889,
1437878483544334345,
1437843419523657733,
1437843237025325065,
1438182533787758606,
1438347674609020928,
1437945930486059019,
1437844221000622087,
1437845349448749064,
1437866990203506688,
1437851804541362179,
1438010297604874242,
1437825310796439553,
1437838880129142798,
1438707456683614216,
1437841168151158787,
1438245826443292681,
1437833464196239367,
1438087606080770050,
1438092130673639427,
1438193555575541764,
1437829075041538050,
1437840247975415808,
1437824345825480706,
1437922565645869061,
1437819419519037447,
1437806705597943810,
1437805572770967557,
1437804454657630211,
1437812533776240641,
1437805436904919045,
1438065878059393028,
1437810267937726466,
1438875907943456777,
1437952069458083844,
1437822694637150208,
1437807799644221440,
1437804550862344192,
1437929713662562305,
1437842147739308036,
1437931891982807040,
1438163430507118599,
1437843403014819849,
1438140535663890436,
1437797077522731010,
1437841936338112523,
1438145788387889152,
1437854894699028482,
1437871344264355842,
1437839509375393798,
1437854839246098439,
1437908349249536002,
1437794153522413569,
1438080151477235716,
1437995463572140040,
1437807478188609536,
1437987831939416065,
1438111630928252933,
1437922280697475401,
1437844094538194945,
1437844602296291328,
1437822807719624705,
1437795732124229647,
1437867191018442771,
1437993851545866245,
1437988153743319041,
1437852549898326019,
1437795318666514435,
1437809706333057025,
1437804761114456069,
1437790125371572232,
1437644747473051648,
1437525299470737415,
1438153093342978051,
1437754818899107843,
1437523141639688193,
1437634765553913860,
1437535886674042880,
1437535822467764227,
1437524245370789888,
1437594310904623107,
1438012544979963910,
1437523301946036228,
1437130137485529088,
1437127065044602883,
1437120809437483011,
1437117351476936708,
1437116797333999618,
1437116788743892992,
1437117175043608581,
1437116447524900866,
1437615830393659398,
1437387757823877120,
1437192015515684866,
1437132783072120832,
1437441800617213953,
1437407989821059075,
1437389468814675973,
1437372570265870341,
1437347327245799425,
1437146973098811394,
1437113596073299971,
1437211209305137157,
1437215208297181189,
1437200944014450692,
1437189194439434248,
1437149134482444298,
1437095525355040771,
1437400852935806976
