1438861781481426947,
1438878700456529920,
1438860576147529728,
1438899865912807426,
1438860360430276618,
1438861087730847744,
1438879972312199173,
1439742462822649859,
1438861622106337281,
1438862489958166536,
1438860830406324230,
1438861394749837312,
1438861029253992452,
1438865091806564359,
1431745937077067780,
1431756304067006469,
1431751755507769347,
1431749103965417474,
1431747178242977792,
1431746811119771649,
1431746460161396741,
1431746393014771726,
1431746205994848259,
1431746080241328130,
1431744790039826433,
1431744440641761281,
1431748860125368323,
1431745572717965321,
1426156690706247684,
1426149744544473091,
1426153489248436227,
1426152245268295684,
1426150596617375744,
1426149573920272384,
1426148717997006850,
1426148117582389251,
1426147105442340864,
1426147310724165634,
1426147303505735680,
1426145662924640257,
1426153988861345794,
1426148529425326080,
1425919522993811457,
1425924962918014979,
1425923138873819137,
1425919378068054018,
1425927136427212802,
1425921939751661574,
1425920516821590027,
1425920325963829251,
1425919233515479050,
1425938778338775045,
1425920270129319938,
1425959281048817667,
1425924662991728648,
1425920146959339523,
1425421786045423621,
1425437769954910213,
1425436008548552718,
1425433715476373509,
1425432270240817161,
1425430151022530567,
1425427271981191171,
1425423333605220357,
1425420659010809857,
1425448470488489992,
1425423302856740867,
1425421158887956483,
1425419872817893379,
1424505209779273729,
1424515189861502980,
1424512915437142019,
1424511863858020352,
1424516346914607106,
1424511236079714306,
1424505627305467906,
1424510862258151427,
1424506147382304768,
1424504643061751810,
1424517622532481030,
1424505052929085441,
1424504952995594247,
1424504498836410374,
1424458847234580481,
1424458117664890880,
1424457019390676997,
1424456443072180224,
1424456236456632320,
1424454507157594114,
1424453731211530244,
1424452204849623047,
1424469205336924163,
1424454496474763267,
1424451959566778371,
1424456319407435779,
1424483818711494662,
1423786735226470410,
1423786382909050881,
1423746804957470731,
1423783602643292163,
1423779736761810947,
1423770560622854151,
1423769371155984384,
1423769286137454593,
1423760492217061376,
1423756892879392768,
1423754519268274179,
1423748823243952129,
1423742257493012481,
1423741638837374976,
1423741938893787136,
1423759541125193732,
1423624587607220229,
1423622451783680003,
1423615761411624964,
1423630531867123718,
1423626588764053506,
1423624721074118657,
1423617001294114816,
1423616301013024769,
1423614898936889347,
1423643405658202112,
1423612541922680834,
1423614675946774531,
1423610298532040706,
1423609829512282115,
1422697997352136706,
1422693077454557195,
1422697290523758592,
1422697254209703942,
1422697115516604419,
1422696724565356547,
1422694028445818887,
1422692870272790530,
1422692848206553089,
1422692788957757443,
1422692333322129414,
1422692264074166277,
1422720369958428673,
1422695328730390529,
1422200318172057611,
1422200118762147842,
1422203701012348933,
1422202919886151687,
1422201573397065730,
1422201217023946755,
1422201047343190026,
1422201037029617668,
1422200126878060550,
1422199887693746177,
1422199473145528325,
1422213640069988355,
1422199719225344008,
1422200733357727749,
1422200055692464131,
1420019286085705729,
1420018271470989327,
1420017442433159173,
1420017272404512771,
1420016585360674824,
1420016205826387968,
1420016054072401933,
1420014673353605121,
1420013213291327490,
1420012715742011407,
1420029215353851914,
1420013270937784322,
1420013210720260096,
1420012886391414802,
1419834337852370960,
1419833015849472000,
1419831468583530512,
1419830479025582080,
1419829833014685732,
1419829701548421143,
1419832530023370752,
1419834655134691341,
1419999466396991488,
1419829733563502593,
1419829581649952768,
1419829338233458693,
1419829521386287116,
1419829438800441355,
1418987196107874317,
1418987124443914246,
1418985839732920322,
1418984674819551240,
1418984246111350789,
1418987107096449037,
1418986795937648640,
1418986425677225990,
1418985950491860994,
1418984382715543553,
1418984236846100486,
1419006260138151942,
1419106863917027329,
1418984143967375366,
1418173948819394560,
1418173651438952449,
1418173428012658691,
1418173204032593927,
1418172902860419072,
1418172103753359368,
1418171488851668992,
1418171278872174595,
1418171152757755905,
1418259939890446340,
1418199559273017356,
1418176815177342976,
1418200285172862977,
1418171227898789893,
1417615851298099200,
1417463232462213122,
1417483810548113421,
1417463129328467971,
1417539421004500994,
1417503998802804737,
1417470210139897872,
1417470146898182165,
1417467647688683521,
1417466885097021440,
1417466849529315331,
1417465819408310276,
1417463366558183431,
1417462674963767296,
1408199008678461445,
1408198385199423488,
1408198368870817798,
1408197834403418112,
1408197710830870533,
1408197543490736131,
1408197260052111362,
1408197117848559616,
1408196715329556483,
1408196508718149636,
1408195689465647109,
1408195679873273857,
1408195612047204359,
1408218659714072578,
1407699029639766021,
1407698529519235073,
1407697318913134598,
1407696172463104004,
1407695922147045381,
1407694738065608707,
1407693225243074561,
1407692554913648644,
1407692191124783110,
1407692171491356680,
1407692109906276356,
1407691657785577474,
1407734897058402313,
1407720344862040066,
1407696996840968192,
1406712287025504259,
1406703547123707909,
1406694842944659461,
1406694519010054145,
1406703152863326209,
1406700874991345669,
1406698226829254658,
1406694717866201091,
1406693073766129665,
1406692712775131137,
1406690785232293889,
1406690303864680451,
1406690556562984960,
1406811077875179522,
1405260236651388931,
1405261225349505026,
1405260638465761289,
1405260322722648068,
1405259760069316609,
1405259485346627584,
1405259323966586882,
1405259247684890630,
1405259049470472192,
1405258589200076802,
1405264251883753477,
1405261393008410633,
1405259707896406017,
1405259687134629895,
1405258867504783360,
1405276045675098117
