1391292574619508740,
1391292550783275018,
1391292129536708618,
1391292005959884801,
1391291883511377920,
1391291786107121666,
1391291738438782976,
1391292202014285824,
1391292199774523395,
1391292190266036225,
1391292117348085764,
1391291908794716161,
1391291853459263498,
1391291512101629953,
1391291471718879241,
1391003168377540619,
1391003101369278467,
1391002896867598347,
1391002648493522945,
1391002618781048834,
1391002469941977094,
1391002063232929792,
1391002019771547653,
1391001890742145024,
1391001623070011392,
1391001602509590533,
1391001529822318603,
1391001504505421829,
1391001484100206598,
1391001413958791168,
1390945405395865602,
1390946420484546562,
1390946366164148229,
1390946158231490562,
1390946116275818497,
1390946006880210946,
1390945928354299913,
1390945900646731782,
1390945800855818241,
1390945687773224962,
1390945623352832006,
1390945611105542144,
1390945543577161732,
1390945512082354176,
1390945315914588161,
1390946094322917378,
1390945980774641668,
1390945735164628993,
1390945668777222147,
1390945655594524674,
1390945645943431173,
1390945545317801987,
1390945535062806532,
1390945515328528388,
1390945497184018435,
1390945469707210753,
1390945442813206530,
1390945438585417737,
1390945418482098178,
1390945253989883904,
1390946466177323010,
1390946298828779521,
1390946173855223810,
1390946039289372672,
1390945918300540929,
1390945843541286912,
1390945819050741760,
1390945742890573826,
1390945584626896897,
1390945534664351748,
1390945747617542151,
1390945728814469120,
1390945645054230530,
1390945555489067017,
1390945346243555330,
1390917446064771073,
1390917442705125377,
1390917436254212099,
1390917424023670786,
1390917407162568710,
1390917390007902210,
1390917378561638405,
1390917357057581056,
1390917287599910914,
1390917336916365313,
1390917326615232512,
1390917245359075328,
1390917228782968834,
1390917219136143370,
1390917217659756546,
1390366511978614785,
1390310259047112706,
1390291385861824517,
1390288573341962240,
1390288199755309058,
1390285984542040066,
1390282923958407176,
1390279722387480581,
1390279199714279425,
1390278695294627847,
1390278479598415875,
1390278479204085760,
1390278432303448068,
1390278268553613315,
1390278200345829386,
1388434934243631105,
1388434770888040449,
1388434763690782726,
1388434675203395590,
1388434737249669120,
1388434661555118080,
1388434639744688130,
1388434604969762816,
1388434518793543683,
1388434494516908033,
1388434247367553025,
1388434458139893760,
1388434352405684231,
1388434300694003712,
1388434279311499264,
1388434196205506561,
1386587241095385088,
1386587225891041281,
1386587198376402947,
1386587195457228806,
1386587152167800835,
1386587117493526528,
1386587043405328392,
1386586967442268160,
1386587041895378944,
1386587022748356614,
1386586967962390529,
1386586955299778561,
1386586926283517956,
1386586865801711616,
1386586845501218819,
1386586802635558914,
1386586780258893827,
1386586759736094723,
1386568667136208896,
1386568594436198403,
1386571985480683524,
1386569988777992194,
1386569036113190913,
1386569028718661634,
1386568988092637184,
1386568950276706309,
1386568892747632640,
1386568674501222400,
1386568606998142978,
1386568545417400325,
1386568517948895233,
1386568485078290432,
1386568468368084996,
1374648653084717056,
1374648417171894273,
1374647910189694978,
1374647294805434370,
1374648745141227522,
1374648409311735812,
1374647715238322178,
1374647697601228806,
1374647528143032323,
1374647522476445697,
1374647339776835585,
1374647338212286464,
1374647200802729989,
1374647126274101250,
1374646930182008834,
1374646900956098563,
1374646873525391360,
1369202471000629251,
1369202204503052289,
1369202087154774017,
1369201312533909504,
1369201265410932739,
1369200982303797250,
1369200925106077697,
1369200914658041858,
1369200769048657921,
1369200767769321478,
1369200613368602624,
1369200547354439680,
1369200375929077760,
1369200318538387456,
1369200314528669696,
1369200291069890561,
1367373806491246593,
1367373462319206407,
1367373336838238209,
1367372999842701315,
1367372755465773066,
1367373513699459072,
1367373485715058690,
1367373230508412934,
1367373158831988737,
1367372672204640258,
1367372670514262018,
1367372645386186758,
1367372606517567489,
1367372561152155648,
1367372489379049473,
1359113681410293760,
1359113645255401475,
1359113545619701762,
1359113495434858501,
1359113394222100484,
1359113390329765890,
1359113258951610368,
1359113199920975872,
1359113097080889344,
1359113325494161409,
1359113201384710146,
1359113146657460233,
1359113144250097672,
1359113088327315456,
1359113072061734912,
1350358540330934272,
1350358136780046346,
1350357798534721537,
1350357451825008641,
1350357350536802305,
1350357044302233600,
1350356621122125826,
1350356270440620032,
1350356095059935233,
1350356043314827264,
1350355903631900672,
1350355863643426817,
1350355782080970753,
1350355753903636482,
1350355742864203776,
1350355724765786115,
1350355578061656065,
1347807136194068482,
1347807098382389250,
1347807098382389250,
1347807014332743682,
1347806990358048768,
1347806904114823170,
1347806791472611328,
1347806664741834752,
1347806567005970433,
1347806544746803201,
1347807043319517185,
1347807002307694592,
1347806989502599168,
1347806898951655429,
1347806898242768899,
1347806752234823681,
1347806547406045185,
1345653241959202816,
1345653857435541504,
1345653559694528512,
1345653429809553408,
1345653410905788417,
1345653372200783872,
1345653337480257536,
1345653193921810432,
1345653529638096896,
1345653501737668608,
1345653471190474752,
1345653130470440961,
1345653120685076481,
1345653064020099073,
1345653042754977794,
1345653003978559488,
