1439300324687159296,
1439295785263271942,
1440190810369114116,
1439632631914647553,
1439220703828447240,
1439220835194081282,
1439220870782676994,
1439220847953121298,
1439220850243166208,
1439220909743566853,
1439220912985944064,
1439220965242671106,
1439221184218812425,
1439221182658539527,
1439221046809219074,
1439221004320968708,
1439220913501732864


1439108877891645446,
1439172844047384578,
1439106991016714240,
1439095996055654407,
1439095990628196358,
1439095821618745344,
1439146232107061254,
1439108377683001344,
1439100932759834628,
1439096887827525637,
1439144381617885184,
1439095971246268416,
1439095933325611013,
1439095883400810498


1439064933216374793,
1439068841753997312,
1439068382968561667,
1439064907924783107,
1439064906410512385,
1439073117511372806,
1439079516547137539,
1439065779429728256,
1439065295738396677,
1439077306350194694,
1439164415387979780,
1439064865566461953,
1439065142377934862,


1438885961698512898,
1438886104090939397,
1438886087317884928,
1438886068749680643,
1438885943025434624,
1438885941263798272,
1438885938185191424,
1438885937107202054,
1438885932053061639,
1438885837941346310,


1438350830214664193,
1438561857657184258,
1438581859554791426,
1438343164851490817,
1438343162313908229,
1438664123802259458,
1438682022755508228,
1438381734593105920,
1438343121826246660,
1438343113378975744

--------------------------------------------

1436532432258297861,
1437638342598963200,
1436532764426194945,
1436532204738338818,
1436532204646113283,
1436532183850569740,
1436532441691213829,
1436532100237127688,
1436532171687096320,
1436617104627625987,


1436381236868435975,
1436372648410243073,
1436372624477540353,
1436372707591929863,
1436372542415982594,
1436372541015138304,
1436372519422808067,
1436372529120047110,
1436372517745086471,
1436372355979223050,


1435978201029697537,
1435978169576607746,
1436020815535874052,
1435996439977488387,
1435978115533078530,
1435978088223940609,
1435977979192958987,
1435977970376577033,
1435977896552632322,
1435977821243916289,


1438721337430712321,
1438715199486189580,
1434755713742475266,
1434760686903590914,
1434784168941015040,
1434774362175913985,
1434754812881489923,
1434754438292549633,
1434755544280010755,
1434754787224915971,


1431187392447217678,
1431198805290934279,
1431190688931057667,
1431188198042963972,
1431188107550806021,
1431188048172118024,
1431187939917062144,
1431298774798766081,
1431187348834832388,
1431187289019801605,
1431190466117050373,
1432023708206387202,
1431187280530579456,
1431187229079003136,

-------------------- 10 -------------------------------

1429711128200814598,
1429708618161557511,
1429708612557959175,
1429708611484196866,
1429708655117496323,
1429709358485544972,
1429708609437331456,
1429708546984218624,
1429708530185957376,
1429708588230987778,
1429708430076354561,


1428906368845508608,
1428906362549850114,
1428906350059266048,
1428906330652241924,
1428906319042420744,
1428906303213109261,
1428906267913846786,
1428906227430461441,
1428906205477425155,
1429328355183108097,
1428909520005210117,


1428905788110606339,
1428905780435030023,
1428998199914627077,
1428936995984662531,
1428922705051455493,
1428905747044179970,
1428905707391184899,
1428946910014959618,
1428987224524132355,
1428922118591311875,
1428905787905089537,


1427905450473787396,
1427819287184494596,
1427819278376468481,
1427819212999827456,
1427819210206375937,
1427819194532327427,
1427820760534454279,
1427829434342535173,
1427836408513789955,
1427825951312809990,
1427819575609991171,


1437726357551599624,
1427895072511590401,
1427857920910270464,
1427849822573195268,
1427824428415479816,
1427818671515201539,
1427818660404494350,
1427818655782297606,
1427818624077553667,
1427818588958724099,
1427818475116924929,


1427111176287051777,
1427111159681863685,
1427111144766926854,
1427111222067953667,
1427111202568638465,
1427111152580923394,
1427504975391846404,
1427172717757825028,
1427128252334673927,
1427122011051024385,


1427109752996126724,
1427109703537016840,
1427109660264304648,
1427109648146964482,
1427109623983534080,
1427109568228646919,
1427109551019466755,
1427109549106864133,
1427109476981559298,
1427109475190595592,
1427109469385682946,


1424938235961110531,
1424937748746493955,
1424936712988368900,
1424936691488288771,
1424936683204583440,
1424936678741872642,
1424936662556020738,
1424936659905175554,
1424936617173667846,
1425119352198598663,
1424937386514034702,


1424581143458762752,
1424580943377960960,
1424580938919415808,
1424582480246427657,
1424581905551216646,
1424581352595197955,
1424595007801942016,
1424580938302849027,
1424580923601739787,
1424580923123589126,
1424580761823322112,


1422179537769705478,
1422179533365465091,
1422179507771822081,
1422179836345294853,
1422180999182520328,
1422179507276902400,
1422179481163165697,
1422179478441136128,
1422179435109785613,
1422179372115533829,
1422179367463968772,

--------------------------------------- 20 -----------------------

1422027235054161929,
1422028784669134852,
1422072708330786816,
1438746978431557633,
1422024730500997123,
1422024728462589957,
1422024553874657282,
1422151788224860163,
1422047795255541765,
1422024706765459456,
1422024668958007299,


1421048892632666114,
1421066958946983936,
1421047026502881283,
1421047018965716992,
1421046993820930048,
1421046987508486145,
1421048766690467842,
1421047615194484739,
1421046983075143681,
1421046917530755073,
1421046836081561604,


1419854679643590657,
1419854678368550916,
1419854672005787649,
1419864226349293573,
1419855200022454278,
1419854661792587777,
1419854660408516611,
1419854611947556868,
1438696276174929922,
1419913628224942082,
1419854600627056642,
1419854547271356416,


1417525181669543937,
1417524996906180608,
1417525307226079240,
1417525201772834816,
1417622677733330950,
1417576308251381760,
1417530490202968064,
1417525152561045504,
1417525146047324160,
1417525863462047745,
1417525159800434689,


1417392185104748544,
1417376080277639170,
1417366446557048834,
1417339521423732737,
1417332678265688070,
1417332539895599104,
1417361453393211392,
1417349296400130048,
1417339173841686528,
1417332378331095042,
1417362310830559234,



1417142966141865989,
1417144419635982340,
1417142812483538951,
1417142796591386628,
1417142825741807616,
1417142820146581511,
1417142789008027650,
1417143202595840006,
1417177143398715398,
1417142743059484679,
1417142619382042624,


1416612256842883076,
1416590196028493828,
1416590193176420354,
1416590191037349888,
1416590190085242882,
1416590186750693376,
1416590144971231239,
1416590205381840896,
1416590178387300354,
1416590134883983360,
1416590013148524544,


1415540562304720899,
1415540607179628553,
1418111855373918209,
1415540561918889984,
1415540542193111040,
1415541601607241730,
1415541161112989697,
1415540535700299779,
1415540383497351170,
1415553605755498498,
1415542401813254149,


1415274678143184898,
1415274643670274053,
1415274616612741130,
1415748276146475009,
1415360689602850817,
1415278292949684226,
1415274844535476228,
1415278301288017921,
1415274607439794181,
1415274600439574528,
1415274588628414466,


1414865606390665218,
1414865604029214720,
1414865595795861504,
1414865587407265792,
1414865576627904514,
1414865564753752065,
1414865560395948035,
1414867276793212928,
1414865536081559564,
1414865534600900611,
1414865412353712131,


------------------------------------- 30 ----------------------------------

1414477700815757312,
1414477664660844551,
1415900894047076352,
1414590567183372296,
1414483740630294528,
1414478054601019394,
1414477766917902337,
1414477572113534979,
1414478323942629376,
1414477784697556997,


1414415189219315714,
1414415140909293569,
1414415086786019329,
1414415322275147778,
1414415001864097794,
1414449336935616512,
1414421369232658441,
1414414989117464578,
1414414741280227335,
1414414896532385796,
1414433707797008386,


1413695154557313024,
1413696004163981313,
1413770499230892034,
1413695363098288128,
1413719334648639492,
1413695167219978240,
1413695086744023047,
1413695086156652546,
1413694993550561287,
1413695184718635010,
1413710020840103940,


1413344662501216257,
1413344648165167107,
1413346846466928641,
1413344682319351812,
1413344642234347522,
1413344624765136900,
1413344621246124039,
1413344613872640000,
1413344398989922306,
1413345540272660483,
1413345277956612100,


1413061588156706816,
1413061583245172744,
1413153103642128402,
1413075807023423493,
1413061570603544580,
1413061569248854019,
1413061551628554241,
1413061544686997509,
1413061535216242690,
1413061476252721154,
1413061471261495297,


1413061224120524803,
1413061221671047170,
1413061198199861249,
1413067500175069184,
1413063512121757702,
1413061232781762560,
1413061205451702272,
1413062957622124545,
1413061232643301382,
1413061180030013444,
1413061509421305859,


1412310761322414081,
1412310743769260034,
1412310712102256645,
1412310689243308038,
1412310705278275591,
1412313216680488967,
1412310685044727809,
1412310679575433216,
1412310663465037825,
1412311770778140679,
1412311068538335232,


1410627208100474881,
1410627105591730176,
1410628423471435781,
1410627100202082306,
1410627028982779904,
1410627369849692162,
1410627085400375296,
1410626996598571011,
1410626993876398084,
1410626967377002499,
1410626942911406080,


1410440163994619905,
1410440151424110610,
1410440123490074626,
1410450366240526338,
1410464312087351299,
1410440177168764930,
1410440114380034052,
1410440100048084994,
1410440093819539459,
1410440085980418048,
1410440083904221185,
1410440035829047298,


1410228544018419714,
1410226288514637826,
1410225823810867202,
1410225551856439303,
1410225543664914436,
1410225533661573121,
1410225494318936065,
1410225482843394055,
1410225480075149312,
1410225474513498117,
1410225327687622664,


--------------------- 40 -----------------------------------------

1409502302113648643,
1409502301656547329,
1409502298288529416,
1409502417758998528,
1409502294098382849,
1409502262725013515,
1409502290323525637,
1409502284870868994,
1409546590868492289,
1409517094387912706,
1409514917179236352,


1406973431887712257,
1406973423083868163,
1407276964042338306,
1406973467811975171,
1406973455824687105,
1406973425801842688,
1406973404134002695,
1406973392855527425,
1406973382311047169,
1407222278874566661,
1406995675850567686,


1406897803423469569,
1406897781558550528,
1406897800256708608,
1406897781952811013,
1406897770154373120,
1406897734297165828,
1406897707805855744,
1406934687885369346,
1406933720053948430,
1406897702948917251,
1406906004202082305,


1405865999048396807,
1405874188594806784,
1405841882425434113,
1405841840348155905,
1405856776398925828,
1405850974774697988,
1405841721410289668,
1405841718973321222,
1405841708647018497,
1405841699985788930,
1405841514270396416,


1404291064006021127,
1404326433745293314,
1404291002089623557,
1404290968715550721,
1404290964206718977,
1404290925992374274,
1404290967323090947,
1404290921550647301,
1404290917989683201,
1404290885848735746,
1404290861882437644,


1403770772213047297,
1403770696396722178,
1403770566553661442,
1403770502406053889,
1403770497205104640,
1403785527208251394,
1403946113317568512,
1403770435464925193,
1403770313133879298,
1403786965120548866,
1403774500672401413,


1400501800218742794,
1400487499474997251,
1400486179925991427,
1400487190753275911,
1400484746447056899,
1400484707301691398,
1400484409363427330,
1400483864976379911,
1400483657458937859,
1400483469180903428,
1400483317988794375,


1400139330312540165,
1400139305381625860,
1400139360813518849,
1400139358594736129,
1400139350650736642,
1400237543673667585,
1400146124690780160,
1400139346989117442,
1400139312893554689,
1400139303385133067,
1400139289975918592,
1400139277997002753,


1400134444812361730,
1399930461233713156,
1399930442204123137,
1399930440325103622,
1399996052980314121,
1399959285551960065,
1399930280132026370,
1399930432121032710,
1399930376772935692,
1399930362545852420,
1399930350302683137,


1399730211789312009,
1399730211516649473,
1399730210472271877,
1399730209041960966,
1399730195569905666,
1399730186984116234,
1399730167736520705,
1399730159406653440,
1399730096978612226,
1399737483173064706,
1399730279137251328
